Potassium,Sodium,Calcium,Group
3,22,75,1
9,19,72,1
11,8,81,1
2,33.381,64.619,1
4,48,48,1
9.35,41.127,49.523,1
10,66,24,2
3.15,70.302,26.548,2
3,54.055,42.945,2
25,63,12,2
4.86,59.415,35.725,2
3,65,32,2
4,79,13,2
46,50,4,2
17,72,11,2
33,60,7,2
7,91,2,2
55,32,13,3
64,11,1,3
74,17,9,3
60,35,5,3
87,5,8,3
95,1,4,3
